119
122
123
125
126
127
129
132
134
135
136
137
138
139
140
142
146
147
148
149
152
153
154
155
160
161
162
164
165
166
169
170
174
175
176
179
181
220
224
225
226
227
228
229
230
231
232
233
234
235
236
241
243
244
245
246
248
258
259
260
262
264
265
266
267
268
269
270
287
288
289
290
293
294
295
296
299
300
301
302
303
304
307
308
309
334
335
342
343
346
347
348
349
350
351
352
376
377
378
379
380
383
384
385
386
389
390
391
392
395
396
406
426
429
430
433
435
436
530
532
534
535
537
539
540
541
542
543
544
545
546
547
548
550
551
552
553
554
555
556
557
558
559
560
561
562
563
564
565
566
567
568
569
570
571
572
573
574
575
576
577
578
579
581
582
583
584
585
586
587
588
600
602
603
604
605
606
607
608
609
610
611
612
613
614
615
616
617
618
619
620
621
626
627
634
636
637
638
639
640
641
642
643
644
645
646
647
648
649
650
651
652
653
654
655
656
657
658
659
660
665
666
667
668
669
671
672
673
674
675
676
677
678
679
680
681
683
684
685
686
687
688
689
690
691
692
693
694
695
696
697
698
699
700
701
702
703
704
705
